swim,bike,run
14.6694,47.1251,38.2055
19.2473,47.4653,33.2874
20.2119,47.1382,32.6499
17.7642,55.5692,26.6667
20.3598,42.6012,37.0390
22.3413,47.4243,30.2343
24.9079,43.1820,31.9101
18.2497,44.3351,37.4152
19.9909,48.1256,31.8835
22.5241,46.6529,30.8230
21.9739,45.9161,32.1100
18.6116,51.2094,30.1791
20.6076,43.2537,36.1387
18.8320,46.9478,34.2202
19.9459,46.7611,33.2929
19.6272,49.4797,30.8931
23.9670,46.0098,30.0232
22.0560,45.8926,32.0514
19.0361,45.5753,35.3886
22.9613,44.2259,32.8128
23.7592,47.1501,29.0907
23.1482,47.8831,28.9687
19.2018,46.9193,33.8789
20.5928,46.2998,33.1074
22.8112,42.4497,34.7392
19.4546,50.0384,30.5070
18.9136,49.3929,31.6935
24.1719,44.3690,31.4590
20.1336,43.2731,36.5933
20.5761,46.4599,32.9641
19.6384,48.1715,32.1901
18.1538,47.2996,34.5466
23.8177,46.6621,29.5202
22.6240,44.1707,33.2053
17.1943,44.7844,38.0213
22.2972,46.8273,30.8755
21.6827,48.2408,30.0766
22.2022,44.4216,33.3761
17.6251,47.9997,34.3753
23.0696,48.6876,28.2428
19.0258,45.4580,35.5162
21.1770,40.9471,37.8759
21.9257,49.1893,28.8850
26.0442,42.9929,30.9629
22.2415,47.0703,30.6882
21.5837,48.2667,30.1496
23.3932,49.0685,27.5383
29.7397,42.6616,27.5987
18.6524,45.7711,35.5765
15.0829,46.9371,37.9800
22.6934,46.3070,30.9996
18.3011,45.0017,36.6972
23.1156,47.8662,29.0182
24.9388,44.0833,30.9780
18.7924,50.2744,30.9331
19.9454,47.9706,32.0840
20.8943,46.7528,32.3529
17.3587,46.2720,36.3693
19.9095,47.9695,32.1210
21.2334,44.6772,34.0894
21.0130,48.7365,30.2506
20.0459,45.2685,34.6856
16.5529,46.0716,37.3755
25.4660,42.2490,32.2850
26.0504,46.3507,27.5989
19.6413,47.2875,33.0712
21.1674,46.6337,32.1989
18.6337,47.4433,33.9229
21.4770,45.5573,32.9657
18.5120,45.2761,36.2120
19.3009,46.8169,33.8822
21.6131,50.1488,28.2381
18.1308,47.3182,34.5510
24.6235,40.9471,34.4295
21.0930,46.5368,32.3702
17.2587,43.3730,39.3683
19.7281,47.1805,33.0914
19.9978,49.6908,30.3114
20.3220,47.9583,31.7196
22.0996,45.9230,31.9774
25.0535,47.0211,27.9255
19.3714,54.8373,25.7914
19.1775,51.9397,28.8828
42.0599,33.1221,24.8180
21.1625,48.6220,30.2155
16.6701,48.9265,34.4034
19.7705,47.9321,32.2974
17.3586,53.5599,29.0815
23.5838,47.0889,29.3273
18.1255,46.8175,35.0570
23.9922,47.9064,28.1014
17.9166,50.3163,31.7671
23.0697,46.6410,30.2892
21.2176,48.4815,30.3009
19.5862,49.2665,31.1474
18.0904,49.2298,32.6798
19.5352,46.0735,34.3913
19.0567,49.7652,31.1782
20.0956,49.1748,30.7296
18.3138,48.6400,33.0462
25.7205,43.3145,30.9650
19.6431,50.6246,29.7323
18.5464,52.6280,28.8256
23.6633,48.6235,27.7132
11.3612,50.6101,38.0286
20.7799,46.7932,32.4269
16.4933,51.1444,32.3623
19.2513,49.5150,31.2338
19.0502,50.6242,30.3256
19.3265,51.3158,29.3577
29.7007,39.4060,30.8933
16.1990,42.3907,41.4103
18.0649,50.5714,31.3636
20.1752,47.8976,31.9272
21.4007,49.6169,28.9824
18.6041,51.9587,29.4373
19.1279,48.3299,32.5422
18.6815,52.1279,29.1906
17.9038,51.0842,31.0120
17.2489,51.1166,31.6345
16.2097,53.6962,30.0941
20.6119,49.4791,29.9090
20.6053,50.5000,28.8947
18.2433,51.8744,29.8823
17.4156,55.2114,27.3730
18.1909,49.7369,32.0723
21.3749,47.8009,30.8242
19.6657,50.6942,29.6401
17.7919,51.0950,31.1131
16.3798,52.6978,30.9224
23.0947,46.8238,30.0816
20.2026,48.8200,30.9774
17.6719,51.0508,31.2773
21.8623,48.9075,29.2302
21.2042,47.3062,31.4897
19.7531,49.5324,30.7146
18.9418,50.1458,30.9124
18.5787,49.9285,31.4928
16.7311,51.9696,31.2992
22.1709,47.9640,29.8651
18.6912,50.9131,30.3957
20.0027,49.3052,30.6921
19.3119,50.2220,30.4661
19.9825,47.7749,32.2426
18.0215,51.4901,30.4883
19.5066,52.6076,27.8858
22.7196,48.1067,29.1737
16.5213,53.0660,30.4127
22.8148,47.8591,29.3261
20.0848,48.0790,31.8362
22.3739,48.3619,29.2642
21.9731,49.1249,28.9019
19.6703,51.1875,29.1422
19.1321,51.2282,29.6397
18.4307,50.4972,31.0721
18.8120,49.3428,31.8452
19.5982,50.6920,29.7098
23.6461,48.2658,28.0881
17.9052,51.3274,30.7674
19.6313,51.9086,28.4601
18.2195,51.2718,30.5087
18.4538,50.5715,30.9747
22.5872,49.0578,28.3550
22.4927,47.5048,30.0024
21.7547,48.0312,30.2142
17.1563,53.0804,29.7633
22.2945,48.3920,29.3134
17.8987,52.1187,29.9826
21.6332,48.2267,30.1401
19.0442,49.4982,31.4576
19.9201,50.6957,29.3842
20.4487,49.2094,30.3419
19.5333,49.8066,30.6601
17.6253,50.6888,31.6858
21.6764,46.8911,31.4325
20.5187,49.5092,29.9721
19.1958,48.2236,32.5806
18.8728,49.5146,31.6126
17.1886,50.6193,32.1921
15.9523,53.1744,30.8733
18.1132,48.7673,33.1195
19.6378,50.7286,29.6337
19.9646,48.1722,31.8632
19.4660,49.9065,30.6275
20.2530,50.7073,29.0397
17.2030,52.8853,29.9117
18.1978,50.2631,31.5392
18.1744,53.1156,28.7100
19.6364,49.3750,30.9886
19.7835,47.2163,33.0002
18.9809,49.1322,31.8869
18.4439,53.9537,27.6024
14.0859,45.7791,40.1350
20.4771,50.1072,29.4157
22.2147,46.2617,31.5236
21.6170,49.7018,28.6812
17.8567,51.0980,31.0454
18.5219,51.4859,29.9922
17.8302,50.8596,31.3102
20.7936,48.6423,30.5642
22.7498,47.2785,29.9717
17.9368,51.4120,30.6512
21.6943,48.5732,29.7325
23.3694,47.9466,28.6840
23.0292,48.0989,28.8720
20.1519,47.4917,32.3564
17.0246,52.8481,30.1273
17.2762,51.7860,30.9378
21.6609,49.9754,28.3637
18.5045,48.8606,32.6348
20.1955,50.4704,29.3341
21.9086,48.4360,29.6554
17.3702,52.0157,30.6142
21.4054,47.4413,31.1533
18.6277,52.0772,29.2951
19.6201,48.6451,31.7349
18.8797,51.3686,29.7518
20.0390,47.6944,32.2666
21.5611,48.3642,30.0747
20.3627,48.6198,31.0175
18.7080,49.8286,31.4634
18.9506,49.8948,31.1547
20.5701,48.5192,30.9107
20.1219,49.6283,30.2498
22.5089,48.4615,29.0296
23.4567,46.6287,29.9146
19.7589,49.0990,31.1421
18.5277,49.8259,31.6464
21.8663,46.3536,31.7801
21.7351,48.4297,29.8351
18.8080,49.1486,32.0433
18.3534,48.9930,32.6536
24.6693,44.2510,31.0797
22.0373,48.4953,29.4674
18.0585,50.8612,31.0804
18.3547,51.5873,30.0579
18.7850,50.6894,30.5256
17.5653,51.7551,30.6796
19.3135,50.2946,30.3919
18.6983,50.5682,30.7335
23.8928,46.2471,29.8601
19.0736,51.7575,29.1689
19.6404,50.8224,29.5372
19.4983,52.1492,28.3525
16.8689,53.7551,29.3761
18.1507,50.8562,30.9932
19.1353,48.9639,31.9007
22.0444,47.8476,30.1079
22.1130,46.1175,31.7695
15.2038,52.8615,31.9347
21.5813,47.4388,30.9800
19.2183,49.6819,31.0999
18.5331,49.9388,31.5281
17.2541,50.9307,31.8152
20.9123,48.6149,30.4729
22.1009,45.6103,32.2887
19.1042,51.0262,29.8696
19.3489,49.3568,31.2943
22.1633,47.9530,29.8838
18.6758,49.7094,31.6149
16.5039,51.9280,31.5681
19.4377,50.3274,30.2349
15.5806,50.0127,34.4067
21.7064,48.6324,29.6612
21.9030,50.0798,28.0172
20.2893,49.6451,30.0656
17.0719,50.8968,32.0314
23.8960,47.3566,28.7474
21.6953,47.2792,31.0255
16.0455,52.5889,31.3656
19.5813,49.9937,30.4250
20.3898,48.1384,31.4718
15.9758,50.8751,33.1491
20.6222,48.5159,30.8618
21.9476,48.3350,29.7174
19.7593,50.1256,30.1151
15.2765,50.8273,33.8962
20.7255,48.3635,30.9111
18.7391,50.4013,30.8596
23.6036,49.1428,27.2536
16.8056,52.9583,30.2361
16.2633,52.2006,31.5361
20.9251,49.4137,29.6611
21.8061,47.6013,30.5926
20.4895,47.3379,32.1726
19.3442,48.7753,31.8804
19.2739,49.7542,30.9719
20.5552,47.0944,32.3504
20.9817,49.2421,29.7762
20.0374,52.8947,27.0680
25.6951,46.5216,27.7833
16.0529,53.5054,30.4416
20.8360,47.4541,31.7099
18.3353,53.1879,28.4768
19.2965,50.6432,30.0603
20.5304,48.4540,31.0155
18.8372,49.1036,32.0593
21.7031,46.6588,31.6381
15.1968,52.5244,32.2789
22.0141,48.7412,29.2447
21.9760,48.1342,29.8898
17.7127,52.1269,30.1604
16.5736,52.1814,31.2450
16.4254,49.2103,34.3643
20.7995,46.8891,32.3114
21.0288,49.4165,29.5547
16.9580,51.8424,31.1996
19.1777,51.1493,29.6729
21.3311,47.3033,31.3655
21.5137,47.1126,31.3737
23.3337,45.8588,30.8074
18.8137,50.1879,30.9984
21.3881,45.1740,33.4379
22.0800,46.5827,31.3373
18.1427,50.0326,31.8247
20.5792,49.3110,30.1097
17.4847,50.4401,32.0752
18.6966,50.1248,31.1786
20.4223,49.1590,30.4187
22.3217,46.2759,31.4023
17.6341,49.7793,32.5866
21.3623,44.6620,33.9757
12.7632,64.8545,22.3823
19.1998,49.7180,31.0822
15.2222,63.2397,21.5382
20.7709,48.5259,30.7032
20.5417,48.5382,30.9201
20.6447,46.5146,32.8407
22.3508,48.3456,29.3036
17.8443,50.2909,31.8648
19.4800,50.2980,30.2219
18.4021,50.5112,31.0867
20.7032,49.4549,29.8420
20.8841,47.0216,32.0943
18.9044,50.8408,30.2549
20.2900,49.7226,29.9874
19.3049,50.0774,30.6177
19.4914,49.9107,30.5979
16.6529,52.1745,31.1726
19.6760,49.4952,30.8288
18.3373,47.8860,33.7767
15.3754,53.2380,31.3866
18.9689,51.0167,30.0144
21.2512,48.1318,30.6170
20.3826,50.0688,29.5486
19.0666,49.9626,30.9708
19.3094,49.0977,31.5929
20.1342,49.3973,30.4685
20.5930,48.8697,30.5374
16.7036,49.2850,34.0113
18.4420,50.4219,31.1361
24.0978,47.8120,28.0902
18.8089,49.5419,31.6493
18.5175,50.6374,30.8451
19.3142,50.3572,30.3286
20.1314,50.8657,29.0029
17.7462,52.2552,29.9986
17.1318,50.7709,32.0973
17.6291,50.5482,31.8226
20.9815,47.7596,31.2589
22.0677,48.3741,29.5582
18.3449,48.9852,32.6699
16.5797,50.5966,32.8238
20.4658,48.0302,31.5040
19.1146,48.3537,32.5318
21.0456,46.8947,32.0597
19.1560,49.9450,30.8991
19.9509,49.4847,30.5644
17.3211,51.5177,31.1612
21.8412,47.7308,30.4281
16.1444,52.3351,31.5205
24.8964,45.5288,29.5748
20.5071,48.3488,31.1441
20.3546,48.1419,31.5035
19.5914,48.7600,31.6486
22.5847,47.9025,29.5127
18.0836,50.1662,31.7502
18.4535,50.5898,30.9567
18.3308,46.1086,35.5607
20.3479,47.4409,32.2112
21.8922,46.7782,31.3297
22.7267,47.9398,29.3335
22.4215,47.9436,29.6348
20.4254,50.4229,29.1517
23.8580,47.9621,28.1799
15.7902,51.7953,32.4145
21.2543,47.8222,30.9235
20.9916,46.2911,32.7173
21.9720,48.2460,29.7819
23.8167,48.0605,28.1228
24.4198,45.0555,30.5247
19.8324,50.5040,29.6636
19.5236,48.8152,31.6612
20.6955,46.9423,32.3622
18.5802,49.6792,31.7406
20.1265,50.9797,28.8938
16.7923,50.5940,32.6137
24.6981,46.4325,28.8694
17.2155,52.6605,30.1241
20.6845,45.3828,33.9327
15.4939,52.2774,32.2288
18.1006,51.5673,30.3321
19.3647,49.9443,30.6910
19.6236,49.6446,30.7318
23.1707,45.9307,30.8986
17.7859,50.7217,31.4924
19.8988,47.9151,32.1860
22.6451,47.6122,29.7427
16.5347,47.3821,36.0832
22.2730,47.7211,30.0059
21.4204,48.2960,30.2836
22.7960,53.0601,24.1439
16.4319,53.4137,30.1544
21.0533,50.0244,28.9223
23.0081,47.3635,29.6283
16.1797,51.6341,32.1862
18.9542,49.1672,31.8786
18.0042,52.0974,29.8984
20.2498,48.2223,31.5280
20.7904,49.2057,30.0038
19.6830,49.8627,30.4543
18.0328,50.8445,31.1227
23.3446,45.0563,31.5991
23.9157,43.3840,32.7004
22.7373,49.2193,28.0434
22.8860,46.7458,30.3682
19.8168,47.9600,32.2231
18.6566,50.6511,30.6923
16.5025,52.5300,30.9675
21.2002,46.8409,31.9589
19.3334,49.9937,30.6728
20.5647,50.2281,29.2072
20.6595,47.4345,31.9060
16.4529,52.0480,31.4991
17.9336,53.8760,28.1904
20.2091,51.4808,28.3101
16.4224,52.8106,30.7670
22.0897,48.1909,29.7195
23.7977,47.7324,28.4700
20.4177,49.2138,30.3686
25.1045,43.6589,31.2366
21.5188,48.1685,30.3127
19.1178,49.3743,31.5079
21.0766,47.4501,31.4733
18.9608,47.5252,33.5139
18.1818,52.5347,29.2835
20.7302,50.2162,29.0536
19.5154,47.2905,33.1941
16.3474,47.3597,36.2929
19.1627,50.8848,29.9525
17.9977,50.9934,31.0090
19.4651,50.4371,30.0978
18.0194,49.8252,32.1553
17.4139,47.7955,34.7907
19.8954,48.2975,31.8071
17.9230,51.3829,30.6941
20.5833,48.6724,30.7443
20.7103,48.5368,30.7529
22.1061,48.3933,29.5006
21.9726,47.4965,30.5308
21.1299,47.9667,30.9034
16.0205,50.4031,33.5765
19.6674,49.5124,30.8202
17.4185,50.1594,32.4222
21.1261,48.8716,30.0023
18.3959,52.5244,29.0797
19.3881,50.0446,30.5672
19.7727,46.7649,33.4624
21.5791,48.4879,29.9331
14.5202,52.8153,32.6645
22.9512,47.1933,29.8555
17.0706,50.4887,32.4408
19.4181,50.5661,30.0158
20.2317,50.7095,29.0587
19.4441,51.0183,29.5376
18.1136,49.1928,32.6935
18.6206,48.9648,32.4146
20.0887,50.0950,29.8163
21.7140,47.4121,30.8739
22.9534,48.0485,28.9981
17.0533,51.4584,31.4883
19.6922,51.6575,28.6504
19.4030,50.1391,30.4579
22.2546,48.9796,28.7658
18.9192,47.3588,33.7219
19.9436,51.0101,29.0463
19.4066,48.9494,31.6440
21.1758,47.0778,31.7464
16.9764,49.6158,33.4079
17.0665,51.9426,30.9909
17.8585,50.5181,31.6234
19.2755,49.0568,31.6677
20.6028,49.4418,29.9553
21.7343,48.9857,29.2801
22.1538,48.5943,29.2519
22.5011,44.5820,32.9169
19.8554,45.6730,34.4716
19.1176,47.0026,33.8797
14.3341,61.1294,24.5365
19.2252,51.7652,29.0097
19.7747,48.5738,31.6515
20.2284,50.8167,28.9549
18.1462,46.7052,35.1487
21.0347,49.6324,29.3330
18.7306,48.7368,32.5327
21.0526,47.0944,31.8530
19.8152,50.4294,29.7554
18.6714,52.9150,28.4136
18.7936,48.9292,32.2773
20.6280,49.0180,30.3540
26.5669,45.5287,27.9043
22.7638,44.4985,32.7378
20.8128,47.3242,31.8630
20.3417,49.1519,30.5064
21.5218,47.6405,30.8377
21.7566,48.0581,30.1853
24.3440,48.5704,27.0855
24.5832,45.5522,29.8646
18.2262,49.4247,32.3491
18.9231,51.2941,29.7828
17.9471,50.6711,31.3818
17.7053,50.5956,31.6991
18.3151,51.2502,30.4348
22.5375,48.3335,29.1290
19.3648,48.7135,31.9217
24.9643,44.7331,30.3027
21.1625,46.0505,32.7871
20.7421,49.5259,29.7319
19.5233,48.4026,32.0740
17.5397,50.5813,31.8790
20.2888,46.1988,33.5124
19.3586,49.1983,31.4431
23.2964,48.0857,28.6179
19.2754,48.4058,32.3188
19.4498,50.2273,30.3230
19.6729,48.0140,32.3131
20.6997,46.5966,32.7037
21.8165,48.2926,29.8909
23.9845,46.6698,29.3457
20.8973,49.5932,29.5095
19.9177,49.7381,30.3442
17.2938,51.7635,30.9427
21.7574,48.4083,29.8343
21.0633,48.2936,30.6430
19.9364,47.9793,32.0844
22.9829,45.9218,31.0952
15.9123,52.8220,31.2657
19.1368,50.9501,29.9131
15.4039,52.8115,31.7846
19.3223,49.6860,30.9916
17.5461,47.0022,35.4517
19.0419,50.7159,30.2422
19.2593,51.0600,29.6807
20.1210,48.6792,31.1998
20.9507,48.1354,30.9139
20.0998,41.7889,38.1112
20.7980,50.4113,28.7907
20.7740,47.6179,31.6080
24.9488,46.8146,28.2366
31.5430,45.1293,23.3278
19.1971,46.7484,34.0545
19.6785,50.9845,29.3370
13.9470,49.6915,36.3614
23.5196,47.3715,29.1088
20.8650,50.7961,28.3389
20.7525,50.5797,28.6678
17.6100,48.9555,33.4345
20.0517,50.2216,29.7267
22.9144,48.6812,28.4043
12.6104,48.0753,39.3143
17.6241,52.4305,29.9454
19.2415,48.1675,32.5910
19.6198,48.5338,31.8464
17.5209,49.5071,32.9719
18.3909,48.3454,33.2636
18.4795,48.3231,33.1974
25.6535,46.1695,28.1770
21.6642,46.2700,32.0658
18.7080,48.4566,32.8354
19.9707,47.0178,33.0115
17.2852,48.0591,34.6558
22.5465,47.2963,30.1572
22.1301,47.8454,30.0245
20.9657,48.0837,30.9506
23.5915,45.6295,30.7790
20.7314,45.9275,33.3410
16.1472,50.7157,33.1371
19.8635,49.4851,30.6514
21.4165,48.4758,30.1077
16.5695,51.6285,31.8020
20.3157,48.3958,31.2885
18.0435,47.9965,33.9599
18.6507,48.7656,32.5837
22.7092,47.4533,29.8374
19.6090,48.1171,32.2739
14.6545,49.7544,35.5911
18.5539,49.6062,31.8399
17.8036,51.1411,31.0554
17.7965,50.5391,31.6644
20.0967,51.3386,28.5647
21.1813,46.9477,31.8710
20.1790,47.6927,32.1283
21.7167,43.7294,34.5538
22.3159,46.2187,31.4655
19.0021,51.2927,29.7053
19.1874,49.3373,31.4753
23.0666,48.5850,28.3484
20.7681,46.9180,32.3139
21.6704,50.0980,28.2316
18.2054,48.9447,32.8499
20.3539,49.6448,30.0013
20.8673,47.9082,31.2245
18.0098,50.1316,31.8586
19.5139,51.1661,29.3200
16.2815,48.9098,34.8087
19.2540,49.9035,30.8424
23.2820,47.8234,28.8946
17.3302,53.0602,29.6096
19.8512,50.1829,29.9659
18.7273,49.9030,31.3697
16.7956,47.3634,35.8410
23.4017,44.2154,32.3829
18.8627,48.5455,32.5918
19.8714,50.6245,29.5041
18.0496,51.6829,30.2675
20.7442,47.8072,31.4486
18.0662,48.4477,33.4861
17.5425,51.9162,30.5413
17.8075,51.5455,30.6470
19.6131,49.2409,31.1459
18.8965,48.1648,32.9387
18.0353,48.8277,33.1369
21.9541,48.0564,29.9896
21.6226,48.9517,29.4256
23.0084,48.0579,28.9337
20.2751,47.8571,31.8679
19.2340,48.3288,32.4373
19.5142,46.8483,33.6374
23.2613,46.3705,30.3682
22.7746,47.9728,29.2525
24.4404,46.9651,28.5945
17.2001,50.6741,32.1258
19.9592,48.0730,31.9678
22.9229,46.3853,30.6918
22.6359,45.5130,31.8511
21.2246,47.8753,30.9002
17.6988,50.7600,31.5413
18.9672,47.7679,33.2650
17.1373,49.0628,33.7999
18.6229,49.5897,31.7874
20.8759,50.4228,28.7012
20.0248,47.8735,32.1017
19.7672,48.6128,31.6200
22.4199,44.8399,32.7402
22.4902,46.1382,31.3716
20.8401,47.1419,32.0181
21.3023,48.3864,30.3113
17.7281,49.5145,32.7575
17.2536,58.4989,24.2475
17.6115,49.5538,32.8346
21.0097,50.0899,28.9003
23.1715,48.5008,28.3277
20.8922,48.3471,30.7607
22.4494,50.7698,26.7808
20.2304,49.6012,30.1684
23.1027,45.2453,31.6520
20.4880,49.2304,30.2816
21.4760,49.7744,28.7497
18.8657,50.5949,30.5394
21.9663,47.3187,30.7150
19.5761,51.2344,29.1895
21.1149,49.6018,29.2833
21.1126,49.7331,29.1543
18.8358,49.0318,32.1324
20.9527,46.7156,32.3317
21.6378,47.4561,30.9062
17.7361,49.7433,32.5205
20.3223,47.8437,31.8340
16.4985,53.6542,29.8473
19.5039,49.9562,30.5399
21.2988,47.1635,31.5377
20.0794,46.9968,32.9238
20.3071,47.5921,32.1007
24.8624,45.9807,29.1570
23.6954,46.7248,29.5799
20.8408,48.4056,30.7536
21.0774,46.3987,32.5239
22.5967,47.2666,30.1367
19.6673,45.9319,34.4008
19.8771,48.6257,31.4972
21.5188,48.9804,29.5008
22.9949,42.3325,34.6726
19.2987,48.0677,32.6337
20.9564,49.0389,30.0047
17.4942,49.1639,33.3419
20.1014,48.7833,31.1153
20.9949,47.2812,31.7240
22.1138,47.2608,30.6254
16.4844,50.7271,32.7886
18.9873,49.6679,31.3448
23.0760,47.0745,29.8495
22.4203,47.5688,30.0109
16.7429,49.9880,33.2691
22.6230,46.5002,30.8767
22.8824,47.6507,29.4669
17.1901,52.3849,30.4250
20.9650,48.4725,30.5625
14.2765,51.4778,34.2457
21.6441,48.9383,29.4176
23.8319,46.8336,29.3345
20.0235,49.3882,30.5882
21.6913,47.6164,30.6923
21.6663,49.3442,28.9896
18.1523,48.1054,33.7423
18.5852,50.5179,30.8969
23.2855,46.6628,30.0517
21.5876,48.0774,30.3351
15.1445,52.0769,32.7786
16.9227,47.1796,35.8978
17.3809,51.5371,31.0819
17.5604,50.8893,31.5503
19.4114,49.0995,31.4891
17.9945,49.1455,32.8600
22.8655,45.9387,31.1958
19.5837,50.4017,30.0146
21.7622,48.2076,30.0302
22.8375,46.7238,30.4387
24.5601,43.1923,32.2476
19.1104,48.4845,32.4051
21.4573,48.5561,29.9866
22.0533,48.8920,29.0547
19.6526,48.0942,32.2532
21.6404,47.1386,31.2210
25.0342,48.2314,26.7344
22.5810,48.1653,29.2537
20.8909,48.1180,30.9911
25.9640,45.3423,28.6937
21.6913,47.1578,31.1509
19.8983,49.5153,30.5864
19.5398,50.3090,30.1512
17.4095,50.5032,32.0873
17.8372,51.0255,31.1374
18.0384,50.5716,31.3900
15.3339,52.5996,32.0665
18.9080,49.6319,31.4601
19.6335,48.0160,32.3504
20.0315,49.5280,30.4406
19.8617,51.2518,28.8865
19.2150,48.3845,32.4005
18.9427,47.1476,33.9097
18.0092,51.0911,30.8998
19.1245,52.0037,28.8718
19.4520,50.5562,29.9919
18.8648,50.4045,30.7307
20.2001,48.5178,31.2821
20.9911,45.2940,33.7148
20.3481,47.4788,32.1731
21.9495,49.4336,28.6169
22.0435,45.3104,32.6461
21.3388,48.5017,30.1595
24.9798,47.2534,27.7669
21.2555,46.5502,32.1943
18.5201,53.7914,27.6885
21.0898,48.4165,30.4937
20.3187,48.7341,30.9472
22.7433,46.5343,30.7224
19.5234,49.9427,30.5339
24.3537,47.3923,28.2540
21.3902,48.6456,29.9642
16.5179,51.5290,31.9531
19.1902,47.9645,32.8453
19.2878,49.3089,31.4033
19.6966,48.6383,31.6651
19.5852,50.0124,30.4024
18.9848,49.4406,31.5746
19.2144,49.6059,31.1797
19.7979,49.9305,30.2716
18.7124,48.7365,32.5511
21.3394,46.4250,32.2356
17.4899,48.0999,34.4103
19.8549,52.6282,27.5169
20.9122,49.4299,29.6579
19.8527,50.2514,29.8959
18.0360,48.5537,33.4103
13.9944,51.9845,34.0211
18.7537,48.3807,32.8657
21.8169,44.0328,34.1502
20.6174,47.9782,31.4044
19.9265,46.6028,33.4707
18.5942,50.8475,30.5583
21.5004,48.2839,30.2157
22.0492,45.3864,32.5644
22.7785,47.6289,29.5925
22.4768,45.5907,31.9325
21.2000,45.5477,33.2524
18.1335,50.1128,31.7536
22.0429,47.7273,30.2299
20.0202,50.7564,29.2234
18.4919,49.3203,32.1877
23.4898,47.2167,29.2936
18.6229,52.3034,29.0738
18.0232,51.5836,30.3932
19.6426,48.4812,31.8761
17.1113,51.8675,31.0212
20.0974,47.5715,32.3311
19.9528,47.4218,32.6254
20.7291,48.9367,30.3342
19.4341,52.2334,28.3326
18.8560,50.4036,30.7404
21.5080,48.7567,29.7353
19.4042,49.3816,31.2143
14.3190,51.7008,33.9801
18.5790,47.3179,34.1030
16.3305,49.0259,34.6436
19.4048,50.7128,29.8823
15.0577,53.3852,31.5572
23.4592,46.7348,29.8060
17.1411,45.1680,37.6909
17.7368,47.5952,34.6680
20.3505,47.6233,32.0262
19.9826,46.9162,33.1012
21.0801,48.9385,29.9814
20.5915,47.7880,31.6205
19.6160,48.0187,32.3652
23.0421,48.1702,28.7877
21.9414,46.8837,31.1750
22.9557,48.1229,28.9214
22.4125,45.8065,31.7810
16.6259,51.5646,31.8095
18.2570,51.1484,30.5946
20.8283,49.1134,30.0583
19.7611,49.6894,30.5496
23.5156,48.7643,27.7201
18.3713,52.0773,29.5514
15.5240,52.1227,32.3533
18.8559,49.9218,31.2223
20.8798,48.9467,30.1735
18.7958,50.5984,30.6058
20.1293,47.1270,32.7437
20.0841,49.0024,30.9135
20.9615,46.9712,32.0673
20.0472,48.6962,31.2566
22.7374,46.9107,30.3519
21.0216,47.4980,31.4804
20.1062,48.1811,31.7127
19.5435,51.1985,29.2579
20.0212,50.9825,28.9963
17.6576,51.1316,31.2108
19.1450,49.6778,31.1772
16.9007,51.7122,31.3870
18.2615,50.6134,31.1251
18.3525,49.2209,32.4266
19.3029,49.0745,31.6226
18.3961,49.1252,32.4787
21.1276,46.1128,32.7596
19.2626,47.6574,33.0800
17.3743,49.9621,32.6636
23.0337,48.0459,28.9204
17.9230,48.5156,33.5614
19.4350,46.9932,33.5718
21.3974,46.8743,31.7283
21.3345,46.4499,32.2156
21.4041,47.5905,31.0054
19.5545,47.7140,32.7315
21.8642,46.6851,31.4507
18.1999,50.1591,31.6410
21.3442,48.0798,30.5761
20.9674,48.8996,30.1330
16.4427,49.3794,34.1779
19.0932,48.7657,32.1411
17.8307,51.4984,30.6708
18.4900,50.7264,30.7836
20.7107,49.0658,30.2235
20.5398,49.1999,30.2603
22.2596,49.5175,28.2229
19.1720,48.6744,32.1536
16.5449,52.7514,30.7037
19.4527,48.2451,32.3022
21.9531,45.7863,32.2606
17.7514,52.0272,30.2214
18.6429,51.2283,30.1288
20.7072,49.9037,29.3891
18.2237,50.5726,31.2037
17.0812,52.4215,30.4974
18.1115,50.0903,31.7982
18.5853,52.5485,28.8662
21.4900,49.1218,29.3882
20.5572,47.5694,31.8734
19.6544,49.9936,30.3519
20.5764,49.3833,30.0403
20.8511,44.6099,34.5390
23.5092,47.7757,28.7151
20.9117,46.3346,32.7538
23.0856,46.3971,30.5173
15.4771,51.1653,33.3576
23.0075,46.3084,30.6841
22.9591,46.4250,30.6158
20.9118,48.0749,31.0133
16.9350,51.9572,31.1077
22.1279,48.5497,29.3224
20.9280,47.3885,31.6835
19.4766,50.1661,30.3574
17.0909,50.5455,32.3636
19.2404,49.3730,31.3866
22.5759,47.7413,29.6829
23.2110,46.0885,30.7005
19.5952,48.0917,32.3131
22.0590,48.2665,29.6745
17.4378,48.1932,34.3690
21.0432,46.2118,32.7451
18.6851,50.6055,30.7093
19.6686,51.4213,28.9101
22.5267,47.5823,29.8910
18.1561,48.9778,32.8661
19.9808,50.8721,29.1471
21.5893,48.5226,29.8881
19.4702,47.9092,32.6206
18.6276,48.7887,32.5837
21.5206,44.2950,34.1844
21.1725,46.8453,31.9821
20.2621,47.4727,32.2652
20.1783,49.1495,30.6722
21.8581,46.1889,31.9529
22.3497,46.3966,31.2537
20.9866,45.9508,33.0626
21.0806,46.3381,32.5813
25.5239,45.4100,29.0661
19.8721,48.4955,31.6323
21.8326,47.7249,30.4425
22.2625,47.3194,30.4181
21.1154,48.5241,30.3605
21.9114,47.1032,30.9854
17.2623,52.2756,30.4621
23.0146,44.9645,32.0209
24.6074,46.6219,28.7707
21.4796,45.7118,32.8086
19.9262,47.9654,32.1083
18.3975,51.8233,29.7792
25.3965,48.9156,25.6880
17.8361,51.0371,31.1268
18.9251,51.4894,29.5855
15.2051,51.9383,32.8566
19.6020,49.2016,31.1964
19.2736,48.4725,32.2538
14.6901,52.3382,32.9717
18.9027,49.8778,31.2195
21.6505,47.5971,30.7524
16.9621,48.1433,34.8946
19.9138,49.3591,30.7271
18.1451,47.7593,34.0956
20.3955,49.5112,30.0933
16.5315,52.4538,31.0148
20.1728,49.6324,30.1948
19.0821,47.3655,33.5524
19.7374,49.4734,30.7892
16.2268,48.8514,34.9218
19.6217,50.5033,29.8750
18.6969,48.5675,32.7356
19.1299,50.2018,30.6683
20.5679,47.1165,32.3156
20.1402,47.7998,32.0600
21.4165,47.3665,31.2169
20.9670,48.2049,30.8281
22.3540,45.7536,31.8924
23.8662,46.9079,29.2258
21.4785,47.1175,31.4040
24.7246,44.4322,30.8432
20.1807,49.0723,30.7470
22.7937,46.2763,30.9300
19.0219,49.3139,31.6641
22.0286,47.7638,30.2075
18.2859,49.0895,32.6246
26.1681,43.6495,30.1824
17.9644,51.9160,30.1196
19.8572,49.6312,30.5116
19.7864,49.6785,30.5351
19.5714,48.8312,31.5974
20.2854,49.4023,30.3123
18.2316,48.7882,32.9801
21.5095,49.2667,29.2238
21.2994,49.9167,28.7839
16.9698,50.7558,32.2744
19.6966,48.5419,31.7615
21.4252,45.5330,33.0418
17.8679,49.2236,32.9085
20.6012,47.1356,32.2632
17.8149,50.1071,32.0780
21.2007,44.8931,33.9061
21.1424,44.6309,34.2266
18.9700,49.8346,31.1954
24.0537,48.3294,27.6168
20.6045,49.3558,30.0397
22.5084,48.7620,28.7296
22.7695,48.6795,28.5510
20.8381,48.6983,30.4636
22.2369,47.6059,30.1572
19.0878,49.4783,31.4339
21.4154,50.3625,28.2221
20.3088,44.9138,34.7774
21.0024,46.6348,32.3628
22.0878,47.1767,30.7355
18.9787,47.5468,33.4745
20.1435,49.9152,29.9413
21.9234,48.8294,29.2472
18.5286,47.8142,33.6571
19.1250,46.1925,34.6824
23.6578,45.1914,31.1508
18.9812,48.7202,32.2985
19.5277,49.5127,30.9595
24.1314,47.4109,28.4577
19.8168,50.2808,29.9023
21.8113,48.3632,29.8254
20.2595,47.0189,32.7215
19.8195,46.8934,33.2871
17.7313,49.0239,33.2448
22.8204,45.6295,31.5501
20.6224,49.4959,29.8817
23.8293,43.7746,32.3961
21.7585,45.7027,32.5388
22.8611,47.7925,29.3465
17.2846,47.6999,35.0155
20.6754,48.4335,30.8911
18.9991,50.3912,30.6097
22.1858,44.9782,32.8360
18.8471,51.3176,29.8353
19.2408,45.8609,34.8983
23.8869,47.1260,28.9870
20.3632,47.2822,32.3547
22.5455,47.0499,30.4047
18.4892,47.0273,34.4836
23.6905,45.2221,31.0874
21.6825,47.7699,30.5476
21.4716,47.7937,30.7347
26.0710,42.4458,31.4831
21.9046,49.2137,28.8817
21.9421,46.9148,31.1432
21.6151,47.6471,30.7378
21.0045,47.4590,31.5365
18.0920,50.7816,31.1264
19.5224,48.2458,32.2318
18.6756,47.5451,33.7793
20.9836,46.5574,32.4590
18.5746,49.8878,31.5376
19.8019,48.4528,31.7453
18.7737,47.8149,33.4114
21.8190,50.0443,28.1368
24.2752,47.8613,27.8635
24.6331,44.8841,30.4829
25.5157,49.8466,24.6377
21.7143,46.5870,31.6987
20.1185,49.4848,30.3967
17.3726,51.3442,31.2833
21.0989,48.9420,29.9592
20.5751,49.0192,30.4057
20.9051,49.3457,29.7492
21.1102,49.0243,29.8655
18.5951,48.4514,32.9534
18.8464,49.4734,31.6801
19.7259,50.7040,29.5701
18.6310,49.0361,32.3328
21.5251,48.6077,29.8672
16.6824,46.7130,36.6046
23.2504,45.6670,31.0827
21.0857,45.8527,33.0615
20.5777,47.4655,31.9568
21.1743,45.9525,32.8733
19.9878,47.3909,32.6213
20.7729,48.9926,30.2345
20.4114,47.6678,31.9209
19.5094,45.0939,35.3967
19.2098,44.5675,36.2227
22.0461,48.2252,29.7287
20.6038,47.9623,31.4340
15.9337,50.6665,33.3998
17.6517,49.9156,32.4327
18.7719,53.0760,28.1520
22.4264,45.9230,31.6506
22.9762,47.7667,29.2571
21.0242,47.9797,30.9961
19.1555,47.6313,33.2132
25.0000,46.8530,28.1470
22.7289,44.7174,32.5538
23.7912,46.8601,29.3487
20.4870,46.6551,32.8580
21.4962,44.9088,33.5950
22.2836,48.6763,29.0401
21.3788,48.1308,30.4905
20.9793,46.1748,32.8460
18.1292,45.8748,35.9961
23.3059,45.8805,30.8136
19.8657,49.6642,30.4702
16.9252,51.0790,31.9958
22.7060,46.8947,30.3993
21.2996,48.1886,30.5118
22.8128,48.9791,28.2081
25.0828,46.3523,28.5649
19.9775,46.9438,33.0787
24.3288,43.4206,32.2506
21.4545,48.4518,30.0937
22.4439,47.0121,30.5439
19.6488,48.9238,31.4274
21.5394,50.1212,28.3394
19.7549,51.0938,29.1513
19.2254,50.1198,30.6547
18.9987,50.4756,30.5257
21.3618,48.0234,30.6148
19.2459,48.0840,32.6701
21.8958,47.0498,31.0544
18.7815,49.2306,31.9879
19.0924,50.1207,30.7869
19.1030,49.1694,31.7276
18.0132,46.9822,35.0047
20.9499,45.6509,33.3991
21.0623,47.3328,31.6049
21.6440,47.0295,31.3265
18.9689,47.3840,33.6471
17.6787,51.9613,30.3600
16.0880,51.2145,32.6974
20.4937,48.8101,30.6962
17.0270,51.3966,31.5764
17.4220,49.7320,32.8460
21.9546,50.5589,27.4865
20.0270,48.6113,31.3617
20.1615,48.8351,31.0034
20.1873,49.6858,30.1270
21.5416,48.1623,30.2961
17.9980,49.7851,32.2169
18.5398,46.5829,34.8773
18.6049,48.8049,32.5902
18.6728,49.0741,32.2531
21.1600,48.5913,30.2487
18.0305,49.8324,32.1371
20.4490,47.6208,31.9302
21.6752,48.7246,29.6002
19.5260,49.8762,30.5978
21.2832,49.5399,29.1769
20.6926,48.9425,30.3649
20.7884,49.6665,29.5452
19.5279,49.5194,30.9527
20.0217,47.6838,32.2945
18.8768,47.8322,33.2911
16.2001,53.4523,30.3476
18.6476,49.0647,32.2877
19.5316,48.8002,31.6682
21.9800,50.9383,27.0817
19.3654,49.0872,31.5475
19.6754,48.0238,32.3008
19.4820,49.6096,30.9084
19.8853,49.2949,30.8198
22.8110,47.4635,29.7256
18.6978,47.8394,33.4629
22.1176,46.0588,31.8235
19.2830,48.4302,32.2868
20.7412,45.7904,33.4684
23.9675,46.8743,29.1582
24.0950,46.6547,29.2503
20.1325,48.3002,31.5673
17.4150,50.9372,31.6478
21.4579,46.8359,31.7063
19.1615,47.9685,32.8699
19.6551,50.5453,29.7996
19.5444,48.7890,31.6667
18.5699,49.9342,31.4959
20.4519,48.3368,31.2113
20.7875,47.8124,31.4000
21.2759,48.9636,29.7605
15.5135,51.2342,33.2523
17.6835,48.7468,33.5696
17.7385,49.6051,32.6564
17.9526,50.6991,31.3483
18.4486,48.5509,33.0005
17.1925,47.7545,35.0530
15.7282,51.9482,32.3236
23.0608,45.3026,31.6366
22.7317,44.9563,32.3120
19.8181,46.6076,33.5743
21.6097,47.3964,30.9939
20.6222,48.2692,31.1086
20.7177,45.2469,34.0354
22.8520,49.1955,27.9525
23.1325,47.8313,29.0361
23.2203,47.8261,28.9537
22.4938,48.2430,29.2631
21.5938,46.9152,31.4910
20.4460,49.4568,30.0972
25.5075,45.4236,29.0688
21.0450,49.2799,29.6751
25.3956,46.6748,27.9296
21.0294,47.1173,31.8533
22.6129,46.3685,31.0186
21.3495,47.4094,31.2411
20.9056,48.5976,30.4968
22.7224,48.4262,28.8514
18.4735,49.9353,31.5912
17.4734,52.3315,30.1951
19.8015,50.0124,30.1861
19.2207,50.7269,30.0524
18.8228,49.6552,31.5220
22.7321,45.2047,32.0632
19.9281,47.6930,32.3789
21.5648,47.0815,31.3536
17.8465,47.6643,34.4892
26.1925,44.5746,29.2329
18.9432,50.2661,30.7907
18.8938,49.9633,31.1429
18.7825,48.5566,32.6609
19.1084,46.8888,34.0028
19.4675,48.4706,32.0619
20.2519,49.4301,30.3179
21.3006,48.0587,30.6407
15.1917,52.4163,32.3920
20.7187,48.7732,30.5081
17.5382,45.8806,36.5812
16.5351,47.7949,35.6700
19.8780,49.8619,30.2601
18.4912,48.5177,32.9911
20.0089,46.7133,33.2778
22.2268,46.0221,31.7511
22.2262,48.6372,29.1365
19.1132,49.8502,31.0365
23.2893,47.4830,29.2277
22.4853,45.8148,31.6999
22.2414,46.8646,30.8940
20.6265,47.3224,32.0511
19.1867,49.6742,31.1391
21.1034,48.1628,30.7338
19.4677,46.5182,34.0141
24.8040,45.6566,29.5394
23.2002,46.4832,30.3165
17.4279,50.3062,32.2659
19.9214,47.9914,32.0872
20.2171,47.5875,32.1954
20.3277,47.0197,32.6526
21.6609,47.0616,31.2776
20.4610,48.6431,30.8959
19.1772,51.6962,29.1266
18.8439,51.4199,29.7362
21.4872,49.3691,29.1437
17.9303,49.0837,32.9860
20.2392,47.6782,32.0826
17.4479,55.9832,26.5689
20.7969,49.1983,30.0049
18.0260,49.8286,32.1453
24.5379,45.1134,30.3486
17.8942,48.1006,34.0051
18.3606,50.2932,31.3462
20.1312,52.2661,27.6028
19.8648,50.2348,29.9003
19.4787,48.8340,31.6872
19.7312,48.4910,31.7778
20.9681,48.7623,30.2696
13.5386,61.2063,25.2551
21.0572,48.9490,29.9939
18.9968,49.5830,31.4202
20.0023,45.9902,34.0075
21.7429,46.7092,31.5480
19.0044,48.0015,32.9941
22.7660,46.7616,30.4724
18.8058,47.9855,33.2087
21.4133,49.1897,29.3970
19.7936,44.8767,35.3297
18.2442,49.0377,32.7181
24.3451,43.6877,31.9671
19.7955,48.2939,31.9106
22.6096,47.2598,30.1306
19.6161,47.3880,32.9959
25.1644,47.4328,27.4028
19.7581,46.4516,33.7903
22.6494,46.5011,30.8495
23.2756,47.2107,29.5137
20.9927,48.2021,30.8053
21.1055,48.7563,30.1382
20.0023,47.5615,32.4362
19.8551,51.2072,28.9377
24.0793,44.1829,31.7378
22.7284,47.6984,29.5732
17.9769,48.3598,33.6634
19.7151,50.3501,29.9347
18.2822,48.5029,33.2149
20.1787,49.1366,30.6847
19.4019,48.5590,32.0391
21.9936,48.7952,29.2112
20.3469,50.1655,29.4876
23.3883,48.1978,28.4139
21.2252,47.8137,30.9611
21.1134,48.7903,30.0963
23.7979,45.9229,30.2792
24.2284,45.8774,29.8942
21.2723,46.4546,32.2731
17.9874,48.1761,33.8365
20.3482,50.0797,29.5720
19.6120,49.8425,30.5454
18.1703,49.4946,32.3351
18.3329,50.7123,30.9548
19.3237,47.9623,32.7140
18.5611,49.1863,32.2525
19.0834,48.7876,32.1290
21.4816,53.2564,25.2620
19.2872,51.2892,29.4237
19.7516,49.0223,31.2262
21.2087,48.0280,30.7634
22.3073,47.8969,29.7958
21.1131,45.6522,33.2347
22.3610,48.0452,29.5938
18.4379,47.9344,33.6277
20.5015,49.0675,30.4309
19.4703,48.3448,32.1849
22.4458,47.0818,30.4724
19.4137,47.1274,33.4589
20.6844,46.4440,32.8716
21.7516,45.5982,32.6503
19.5133,47.6115,32.8752
19.0381,46.8657,34.0962
18.6712,49.7236,31.6051
20.4810,47.1228,32.3962
20.2840,49.3704,30.3457
20.8469,48.3339,30.8192
23.6976,47.2180,29.0845
23.9428,45.4760,30.5811
21.0334,47.9284,31.0381
19.6067,48.2149,32.1784
24.2251,45.9235,29.8514
22.3480,45.2095,32.4425
21.2971,48.3556,30.3473
22.7966,46.8458,30.3575
18.5619,50.9258,30.5123
20.9589,51.4629,27.5782
24.3180,47.1996,28.4824
19.7515,46.4073,33.8412
22.6701,46.5131,30.8168
24.4718,44.7286,30.7996
22.7704,46.2066,31.0230
20.9436,49.3679,29.6885
19.4130,51.5516,29.0354
19.6081,48.3610,32.0309
21.3461,49.2137,29.4402
18.5921,50.6711,30.7368
20.4733,48.9248,30.6019
18.8309,50.8421,30.3271
21.8496,47.8430,30.3074
18.8768,50.2820,30.8412
19.3058,48.1812,32.5131
18.8708,49.7643,31.3649
24.5590,46.0510,29.3901
21.1233,45.4314,33.4453
20.7320,49.1893,30.0788
19.3428,46.5609,34.0963
21.9789,49.0566,28.9645
20.6291,48.3210,31.0499
19.4594,47.6871,32.8535
20.9802,47.8114,31.2084
22.6461,44.1992,33.1547
18.1437,50.9854,30.8709
19.7392,47.6394,32.6214
17.1707,53.8530,28.9763
17.2198,50.6391,32.1411
14.9283,51.1460,33.9257
18.8998,49.9022,31.1980
19.1859,52.4180,28.3961
19.0693,48.5824,32.3484
18.9604,49.2262,31.8133
21.0726,45.8888,33.0386
19.0703,48.9750,31.9547
21.8009,47.9384,30.2607
24.7374,46.1530,29.1096
23.4638,49.8160,26.7202
21.9574,47.4583,30.5843
17.9041,47.3630,34.7329
20.4605,47.4890,32.0504
21.8922,45.6806,32.4272
21.9542,47.9373,30.1086
21.4038,46.2992,32.2970
18.1219,51.3533,30.5248
22.9093,44.9696,32.1211
20.9210,49.6873,29.3917
24.1453,45.8952,29.9595
20.7624,46.8840,32.3536
26.0437,45.9753,27.9809
18.3522,59.4713,22.1766
19.8494,50.2773,29.8732
18.1480,50.0257,31.8264
18.8373,47.4676,33.6951
22.9332,46.7574,30.3094
20.0494,47.8964,32.0543
22.5751,46.4991,30.9258
19.6562,50.2404,30.1034
20.7929,47.2392,31.9679
21.8746,47.7470,30.3783
19.3231,52.1431,28.5338
16.7927,50.5063,32.7009
17.2780,50.5815,32.1406
17.6144,51.1372,31.2484
21.9650,47.8677,30.1673
17.4637,49.9193,32.6171
18.0280,49.4727,32.4994
20.6484,49.0729,30.2787
19.3676,48.9481,31.6843
19.4740,48.5627,31.9633
19.3187,49.2176,31.4636
20.9544,46.2507,32.7950
24.6438,44.1584,31.1978
19.7143,50.1737,30.1120
18.8677,51.3978,29.7345
19.8382,47.9490,32.2129
20.5354,48.2464,31.2182
19.2096,48.4360,32.3543
19.4820,50.4279,30.0901
21.1215,48.7967,30.0818
24.1092,44.4381,31.4527
20.0066,46.3669,33.6265
18.5876,49.1401,32.2722
21.3467,48.9998,29.6536
19.9330,47.9015,32.1655
20.4033,49.0154,30.5813
21.0813,47.5931,31.3256
20.4148,46.4373,33.1480
19.5672,47.3895,33.0433
21.9768,48.4152,29.6080
22.9540,45.0168,32.0291
21.4874,48.9880,29.5246
20.9038,45.1333,33.9629
24.3577,45.0934,30.5490
18.6806,47.5149,33.8046
20.8736,46.2567,32.8697
28.2012,43.4349,28.3639
21.4502,46.1372,32.4126
22.5474,44.6372,32.8155
28.6784,44.4317,26.8899
20.8256,47.1715,32.0030
17.2104,50.5997,32.1900
21.7511,45.7716,32.4773
21.1439,49.0448,29.8113
24.4712,46.6740,28.8548
21.6798,45.5569,32.7633
17.8525,51.2031,30.9444
20.9282,47.2393,31.8325
19.9775,48.9005,31.1219
21.2352,48.1383,30.6265
19.5862,47.2727,33.1411
19.9115,48.6128,31.4757
21.1854,47.9343,30.8803
22.5193,47.5368,29.9440
19.7654,46.4058,33.8288
20.2713,46.7429,32.9858
24.5490,47.5408,27.9102
25.0623,45.4234,29.5143
17.0895,53.4587,29.4518
21.1343,49.1551,29.7106
20.8537,49.6424,29.5039
17.6010,51.7269,30.6722
19.1032,47.8077,33.0891
19.5245,47.4813,32.9942
18.2377,48.2763,33.4860
20.0167,48.8569,31.1265
20.0166,49.7867,30.1967
19.7331,48.7477,31.5192
21.3811,47.4691,31.1498
20.8305,48.1583,31.0112
23.5795,45.9003,30.5203
21.0626,46.5660,32.3714
18.1061,49.5397,32.3542
20.4087,48.4706,31.1208
21.3105,48.4838,30.2057
16.8502,48.5376,34.6122
20.5988,46.6136,32.7876
20.0041,47.5796,32.4162
18.1912,50.0000,31.8088
16.2803,48.7895,34.9302
19.3473,50.2833,30.3695
19.8833,48.8089,31.3077
23.6601,45.9440,30.3959
19.5204,47.3741,33.1055
21.6873,49.3569,28.9558
18.1269,50.6158,31.2573
25.7778,45.4017,28.8205
23.1011,46.9427,29.9562
22.8649,46.3483,30.7868
23.8441,45.2449,30.9110
20.9751,49.5894,29.4355
20.5446,48.3082,31.1472
20.4980,44.6746,34.8274
19.4678,49.5545,30.9777
21.0897,49.4922,29.4181
19.9644,48.1434,31.8922
22.9677,48.3603,28.6719
20.3209,48.6388,31.0404
18.6886,47.0631,34.2484
19.7379,47.7822,32.4799
22.6595,46.8217,30.5188
22.2533,45.7868,31.9600
21.0445,47.8385,31.1170
21.5171,46.1747,32.3082
20.2649,47.5056,32.2295
19.6180,50.1364,30.2456
18.6879,50.9991,30.3129
17.7250,51.0110,31.2640
20.5258,48.6796,30.7946
21.2261,49.8387,28.9352
18.7667,49.7222,31.5111
18.8923,52.0722,29.0355
21.7751,48.9940,29.2310
21.8419,47.3261,30.8320
17.0806,50.7935,32.1260
19.2476,49.1522,31.6002
19.1175,47.6939,33.1886
22.0071,46.4062,31.5867
25.3970,45.4894,29.1136
20.8838,45.7167,33.3995
21.0641,45.8318,33.1041
17.8898,50.0000,32.1102
19.3567,47.8441,32.7992
21.6231,48.4742,29.9027
20.9369,48.2979,30.7651
19.0930,49.7584,31.1486
19.9421,46.5195,33.5384
23.0654,49.0126,27.9219
19.3749,49.6675,30.9577
22.0794,48.5272,29.3934
18.2702,49.1775,32.5523
18.4459,51.0724,30.4817
18.3351,49.3840,32.2808
19.9092,48.2314,31.8595
21.2284,50.2002,28.5714
17.9131,46.6941,35.3928
26.2906,44.8426,28.8667
20.5239,45.0083,34.4678
20.5868,48.3288,31.0844
19.3109,48.5363,32.1528
17.3100,50.5565,32.1336
20.6204,49.2905,30.0892
18.9484,46.4235,34.6281
21.7905,47.3844,30.8250
21.2618,46.8338,31.9043
19.9243,50.8885,29.1872
25.0229,44.6535,30.3235
20.3479,50.2024,29.4497
21.7410,46.8841,31.3749
18.8689,48.8120,32.3191
21.7214,46.3869,31.8917
22.1496,44.0527,33.7977
24.8533,46.9075,28.2392
17.6321,46.8900,35.4780
25.4991,43.9706,30.5303
18.9518,44.3304,36.7178
20.1985,51.2890,28.5125
19.3630,47.8766,32.7604
15.7505,51.9957,32.2538
20.7652,49.7350,29.4999
20.9205,46.8493,32.2301
20.1303,50.8957,28.9741
19.0751,50.4649,30.4599
22.9263,48.9659,28.1078
20.6880,48.2327,31.0793
22.7090,46.1220,31.1690
23.0983,47.6513,29.2504
22.7243,46.8173,30.4584
22.4430,47.8306,29.7264
21.5036,47.9064,30.5901
20.2191,45.6180,34.1629
20.3909,46.5152,33.0939
23.3905,45.0778,31.5317
21.7984,47.3093,30.8924
18.8722,49.9775,31.1503
21.2694,46.9740,31.7566
20.5374,45.5009,33.9617
21.9810,47.0847,30.9344
20.1580,50.0958,29.7462
19.5239,48.4388,32.0373
19.8043,47.7308,32.4649
21.7457,47.1561,31.0983
22.0337,47.0874,30.8789
18.5768,49.5079,31.9154
17.4936,47.5417,34.9647
20.9822,47.2514,31.7664
21.7272,46.2690,32.0038
22.9892,48.0248,28.9859
19.8459,46.4172,33.7369
18.9605,48.9141,32.1254
19.5111,49.7602,30.7287
20.1271,49.3241,30.5488
24.3998,48.9374,26.6628
23.4891,48.5319,27.9790
18.4940,49.4359,32.0701
20.5000,48.5000,31.0000
23.5091,46.2309,30.2600
16.7571,55.0979,28.1449
18.5816,47.4046,34.0138
20.1621,47.2813,32.5566
21.1427,47.9664,30.8909
22.0366,46.9965,30.9669
23.7785,46.2632,29.9583
20.8983,43.2939,35.8078
19.0565,50.0116,30.9319
18.2030,49.4239,32.3731
19.7873,47.1059,33.1068
18.4575,48.8215,32.7210
19.3928,50.9044,29.7028
18.9487,50.3129,30.7384
17.7969,49.5015,32.7015
19.8364,48.7788,31.3849
19.0471,49.2157,31.7372
20.2939,48.1339,31.5722
22.0712,47.4254,30.5034
23.8976,45.5848,30.5176
21.7318,45.8670,32.4012
22.0501,48.1645,29.7855
20.4960,48.5934,30.9106
19.9292,47.6127,32.4582
21.5139,48.0818,30.4043
22.1752,46.4339,31.3910
19.6427,45.4371,34.9203
25.4132,44.7366,29.8502
20.7897,46.5746,32.6357
21.6262,45.7528,32.6210
22.4865,44.6136,32.8999
17.2508,48.3220,34.4272
20.4819,46.2841,33.2339
22.3670,48.1341,29.4989
21.8228,48.2198,29.9574
19.1058,48.1286,32.7656
20.5382,46.2248,33.2370
20.2248,46.5116,33.2635
24.0448,46.2275,29.7277
24.0392,48.8642,27.0966
21.7217,46.9901,31.2881
22.9010,45.1963,31.9027
24.0339,44.8068,31.1593
26.6639,45.2239,28.1122
15.8983,58.1757,25.9259
17.9287,49.6871,32.3841
23.4632,48.2292,28.3076
18.9971,50.1958,30.8071
20.7823,48.7065,30.5112
19.2779,51.0325,29.6896
18.9386,48.7994,32.2620
20.2120,49.8294,29.9586
18.9026,49.0700,32.0274
22.0971,47.4570,30.4459
20.1979,50.8097,28.9924
19.5290,47.2154,33.2555
22.3666,45.6899,31.9434
16.4837,52.9494,30.5669
18.8043,50.1022,31.0935
19.3397,49.2890,31.3713
18.5010,47.4755,34.0235
19.0002,49.2448,31.7550
19.9574,45.2533,34.7893
22.4268,46.0113,31.5619
21.6497,50.1567,28.1936
21.0746,47.9651,30.9603
21.5179,48.3401,30.1419
16.7995,50.3140,32.8865
18.9371,48.5872,32.4757
17.6107,47.4359,34.9534
22.4369,47.2478,30.3154
23.6063,44.4712,31.9225
21.9829,49.1428,28.8744
23.1461,47.2360,29.6180
22.3413,47.8964,29.7623
22.9886,47.3127,29.6987
25.3820,45.9087,28.7092
20.4387,47.3282,32.2331
17.4593,50.7639,31.7767
17.1645,51.3250,31.5105
23.0522,45.1156,31.8323
18.2495,45.6066,36.1439
